p = [291434.390121 6221899.82627 0 0.0
291434.90792 6221898.97077 0 0.0
291435.425719 6221898.11527 0 0.0
291435.943518 6221897.25976 0 0.0
291436.461317 6221896.40426 0 0.0
291436.979116 6221895.54876 0 0.0
291437.496916 6221894.69326 0 0.0
291438.014715 6221893.83776 0 0.0
291438.532514 6221892.98225 0 0.0
291439.050313 6221892.12675 0 0.0
291439.329637 6221891.66525 0.121792243787 0.0
291439.794125 6221890.78037 0.121792243787 0.0
291440.147666 6221889.84561 0.121792243787 0.0
291440.385023 6221888.87483 0.121792243787 0.0
291440.50268 6221887.8824 0.121792243787 0.0
291440.498894 6221886.88302 0.121792243787 0.0
291440.37372 6221885.89151 0.121792243787 0.0
291440.129013 6221884.92255 0.121792243787 0.0
291439.768399 6221883.9905 0.121792243787 0.0
291439.29722 6221883.10916 0.121792243787 0.0
291438.722456 6221882.2916 0.121792243787 0.0
291438.052622 6221881.54992 0.121792243787 0.0
291437.297643 6221880.89511 0.121792243787 0.0
291436.468703 6221880.33688 0.121792243787 0.0
291435.578083 6221879.88349 0.121792243787 0.0
291435.209781 6221879.73392 0 0.0
291434.274436 6221879.38018 0 0.0
291433.339091 6221879.02644 0 0.0
291432.403745 6221878.67271 0 0.0
291431.4684 6221878.31897 0 0.0
291430.533055 6221877.96524 0 0.0
291429.597709 6221877.6115 0 0.0
291428.662364 6221877.25777 0 0.0
291427.727018 6221876.90403 0 0.0
291426.791673 6221876.55029 0 0.0
291425.856328 6221876.19656 0 0.0
291424.920982 6221875.84282 0 0.0
291423.985637 6221875.48909 0 0.0
291423.050291 6221875.13535 0 0.0
291422.418537513 6221875.0083905 0 0.0
291421.823018645 6221874.90133932 0 0.0
291420.940976549 6221874.75860442 0 0.0
291419.834210351 6221874.61586952 0 0.0
291418.828569998 6221874.55099003 0 0.0
291417.800457236 6221874.57369785 0 0.0
291416.929651344 6221874.6580412 0 0.0
291416.21053422 6221874.7488725 0 0.0
291415.480180892 6221874.84943572 0 0.0
291414.603756898 6221874.9954146 0 0.0
291413.789132031 6221875.12192962 0 0.0
291413.081251113 6221875.26466452 0 0.0
291412.451983 6221875.4244 0 0.0
291411.518855 6221875.78394 0 0.0
291410.585727 6221876.14349 0 0.0
291409.652599 6221876.50303 0 0.0
291408.719471 6221876.86258 0 0.0
291407.786343 6221877.22212 0 0.0
291406.853215 6221877.58166 0 0.0
291405.920087 6221877.94121 0 0.0
291404.986958 6221878.30075 0 0.0
291404.05383 6221878.6603 0 0.0
291403.120702 6221879.01984 0 0.0
291402.187574 6221879.37939 0 0.0
291401.577621 6221879.61441 0.129544326928 0.0
291400.670357 6221880.0333 0.129544326928 0.0
291399.824808 6221880.56589 0.129544326928 0.0
291399.055146 6221881.20325 0.129544326928 0.0
291398.374267 6221881.93469 0.129544326928 0.0
291397.793584 6221882.74796 0.129544326928 0.0
291397.322826 6221883.62943 0.129544326928 0.0
291396.969882 6221884.56433 0.129544326928 0.0
291396.740669 6221885.53698 0.129544326928 0.0
291396.639026 6221886.5311 0.129544326928 0.0
291396.666657 6221887.53002 0.129544326928 0.0
291396.682496 6221887.68407 0 0.0
291396.794746 6221888.67775 0 0.0
291396.906997 6221889.67143 0 0.0
291397.019248 6221890.66511 0 0.0
291397.131498 6221891.65879 0 0.0
291397.243749 6221892.65247 0 0.0
291397.355999 6221893.64615 0 0.0
291397.46825 6221894.63983 0 0.0
291397.5805 6221895.63351 0 0.0
291397.692751 6221896.62719 0 0.0
291397.805001 6221897.62087 0 0.0
291397.917252 6221898.61455 0 0.0
291398.029502 6221899.60823 0 0.0
291398.141753 6221900.60191 0 0.0
291398.254004 6221901.59559 0 0.0
291398.366254 6221902.58927 0 0.0
291398.478505 6221903.58295 0 0.0
291398.590755 6221904.57663 0 0.0
291398.703006 6221905.5703 0 0.0
291398.815256 6221906.56398 0 0.0
291398.927507 6221907.55766 0 0.0
291399.039757 6221908.55134 0 0.0
291399.152008 6221909.54502 0 0.0
291399.208669 6221910.04661 0.168651342499 0.0
291399.403983 6221911.02614 0.168651342499 0.0
291399.760943 6221911.95899 0.168651342499 0.0
291400.26942 6221912.81869 0.168651342499 0.0
291400.914986 6221913.58085 0.168651342499 0.0
291401.679322 6221914.22383 0.168651342499 0.0
291402.54074 6221914.72939 0.168651342499 0.0
291403.474796 6221915.08318 0.168651342499 0.0
291404.454986 6221915.27517 0.168651342499 0.0
291405.453494 6221915.29991 0.168651342499 0.0
291406.441989 6221915.1567 0.168651342499 0.0
291407.39242 6221914.8496 0.168651342499 0.0
291407.605874 6221914.75516 0 0.0
291408.512227 6221914.33264 0 0.0
291409.418581 6221913.91012 0 0.0
291410.324935 6221913.4876 0 0.0
291411.231288 6221913.06508 0 0.0
291412.137642 6221912.64256 0 0.0
291413.043996 6221912.22004 0 0.0
291413.950349 6221911.79752 0 0.0
291414.856703 6221911.375 0 0.0
291415.763057 6221910.95248 0 0.0
291416.66941 6221910.52996 0 0.0
291417.575764 6221910.10744 0 0.0
291418.482118 6221909.68492 0 0.0
291419.388471 6221909.2624 0 0.0
291420.294825 6221908.83988 0 0.0
291421.201179 6221908.41736 0 0.0
291422.107532 6221907.99484 0 0.0
291423.013886 6221907.57232 0 0.0
291423.92024 6221907.1498 0 0.0
291424.826593 6221906.72728 0 0.0
291425.732947 6221906.30476 0 0.0
291426.639301 6221905.88224 0 0.0
291427.545654 6221905.45972 0 0.0
291427.686492 6221905.39407 0.0593359094999 0.0
291428.579782 6221904.94491 0.0593359094999 0.0
291429.444865 6221904.44358 0.0593359094999 0.0
291430.278696 6221903.89182 0.0593359094999 0.0
291431.07834 6221903.29159 0.0593359094999 0.0
291431.840982 6221902.645 0.0593359094999 0.0
291432.563938 6221901.95432 0.0593359094999 0.0
291433.244663 6221901.22198 0.0593359094999 0.0
291433.880763 6221900.45056 0.0593359094999 0.0
291434.390121 6221899.82627 0 0.0
291434.390121 6221899.82627 0 0.0
291434.90792 6221898.97077 0 0.0
291435.425719 6221898.11527 0 0.0
291435.943518 6221897.25976 0 0.0
291436.461317 6221896.40426 0 0.0
291436.979116 6221895.54876 0 0.0
291437.496916 6221894.69326 0 0.0
291438.014715 6221893.83776 0 0.0
291438.532514 6221892.98225 0 0.0
291439.050313 6221892.12675 0 0.0
291439.329637 6221891.66525 0.121792243787 0.0
291439.794125 6221890.78037 0.121792243787 0.0
291440.147666 6221889.84561 0.121792243787 0.0
291440.385023 6221888.87483 0.121792243787 0.0
291440.50268 6221887.8824 0.121792243787 0.0
291440.498894 6221886.88302 0.121792243787 0.0
291440.37372 6221885.89151 0.121792243787 0.0
291440.129013 6221884.92255 0.121792243787 0.0
291439.768399 6221883.9905 0.121792243787 0.0
291439.29722 6221883.10916 0.121792243787 0.0
291438.722456 6221882.2916 0.121792243787 0.0
291438.052622 6221881.54992 0.121792243787 0.0
291437.297643 6221880.89511 0.121792243787 0.0
291436.468703 6221880.33688 0.121792243787 0.0
291435.578083 6221879.88349 0.121792243787 0.0
291435.209781 6221879.73392 0 0.0
291434.274436 6221879.38018 0 0.0
291433.339091 6221879.02644 0 0.0
291432.403745 6221878.67271 0 0.0
291431.4684 6221878.31897 0 0.0
291430.533055 6221877.96524 0 0.0
291429.597709 6221877.6115 0 0.0
291428.662364 6221877.25777 0 0.0
291427.727018 6221876.90403 0 0.0
291426.791673 6221876.55029 0 0.0
291425.856328 6221876.19656 0 0.0
291424.920982 6221875.84282 0 0.0
291423.985637 6221875.48909 0 0.0
291423.050291 6221875.13535 0 0.0
291422.418537513 6221875.0083905 0 0.0
291421.823018645 6221874.90133932 0 0.0
291420.940976549 6221874.75860442 0 0.0
291419.834210351 6221874.61586952 0 0.0
291418.828569998 6221874.55099003 0 0.0
291417.800457236 6221874.57369785 0 0.0
291416.929651344 6221874.6580412 0 0.0
291416.21053422 6221874.7488725 0 0.0
291415.480180892 6221874.84943572 0 0.0
291414.603756898 6221874.9954146 0 0.0
291413.789132031 6221875.12192962 0 0.0
291413.081251113 6221875.26466452 0 0.0
291412.451983 6221875.4244 0 0.0
291411.518855 6221875.78394 0 0.0
291410.585727 6221876.14349 0 0.0
291409.652599 6221876.50303 0 0.0
291408.719471 6221876.86258 0 0.0
291407.786343 6221877.22212 0 0.0
291406.853215 6221877.58166 0 0.0
291405.920087 6221877.94121 0 0.0
291404.986958 6221878.30075 0 0.0
